1196
647
1160
178
437
433
1072
1097
602
1309
60
677
463
580
740
227
291
696
1291
554
547
512
1250
256
783
494
428
684
212
1099
796
630
102
808
1202
1293
937
1009
1080
359
438
567
645
927
1112
298
879
10
65
536
932
564
1252
456
151
917
517
948
1235
113
670
1272
662
156
529
1017
737
1271
1129
82
157
70
305
447
1251
48
166
334
88
613
1259
137
868
1123
279
1114
1092
30
801
1113
1244
825
528
82
116
196
426
227
711
621
1159
179
243
854
257
534
1116
589
1090
828
884
382
1042
858
1038
432
181
423
108
396
1056
702
946
348
1019
527
323
940
726
515
976
1033
684
920
304
568
1186
608
313
820
252
146
605
182
1019
523
1118
403
677
653
1242
1249
847
1218
406
877
373
588
1310
973
540
1110
757
503
978
1117
343
151
1200
1207
829
254
516
131
756
126
765
1147
355
883
1228
39
24
366
123
96
816
948
585
679
1091
52
1199
1001
1325
1310
1285
661
866
391